Manhattan_50: 66.29213483146067	Manhattan_20: 41.57303370786517	Manhattan_70: 94.38202247191012	Manhattan_60: 73.03370786516854	Manhattan_80: 100.0	Manhattan_30: 44.943820224719104	Manhattan_40: 57.30337078651685	

Euclid_60: 100.0	Euclid_30: 49.438202247191015	Euclid_70: 100.0	Euclid_40: 67.41573033707866	Euclid_20: 43.82022471910113	Euclid_50: 68.53932584269663	Euclid_80: 100.0	

Clark_40: 4.49438202247191	Clark_60: 6.741573033707865	Clark_70: 6.741573033707865	Clark_30: 4.49438202247191	Clark_80: 8.98876404494382	Clark_20: 4.49438202247191	Clark_50: 4.49438202247191	

Pearson_60: 86.51685393258427	Pearson_50: 65.1685393258427	Pearson_30: 53.93258426966292	Pearson_70: 98.87640449438203	Pearson_20: 41.57303370786517	Pearson_40: 55.056179775280896	Pearson_80: 98.87640449438203	

