C_Manhattan_70: 94.84536082474227	C_Manhattan_50: 59.79381443298969	C_Manhattan_20: 38.144329896907216	C_Manhattan_40: 50.51546391752577	C_Manhattan_60: 67.01030927835052	C_Manhattan_80: 98.96907216494846	C_Manhattan_30: 38.144329896907216	

C_Euclid_70: 98.96907216494846	C_Euclid_40: 60.824742268041234	C_Euclid_30: 43.29896907216495	C_Euclid_80: 98.96907216494846	C_Euclid_20: 40.20618556701031	C_Euclid_50: 62.88659793814433	C_Euclid_60: 85.56701030927834	

C_Clark_30: 4.123711340206185	C_Clark_40: 3.0927835051546393	C_Clark_70: 9.278350515463918	C_Clark_20: 5.154639175257732	C_Clark_80: 15.463917525773196	C_Clark_50: 4.123711340206185	C_Clark_60: 5.154639175257732	

C_Pearson_40: 40.20618556701031	C_Pearson_50: 42.2680412371134	C_Pearson_20: 37.11340206185567	C_Pearson_60: 49.48453608247423	C_Pearson_30: 39.175257731958766	C_Pearson_70: 98.96907216494846	C_Pearson_80: 98.96907216494846	

