M_Manhattan_20: 4.49438202247191	M_Manhattan_30: 37.07865168539326	M_Manhattan_40: 40.449438202247194	M_Manhattan_50: 51.68539325842696	M_Manhattan_70: 87.64044943820225	M_Manhattan_60: 69.66292134831461	M_Manhattan_80: 100.0			

M_Euclid_20: 20.224719101123597	M_Euclid_30: 46.06741573033708	M_Euclid_40: 51.68539325842696	M_Euclid_50: 69.66292134831461	M_Euclid_60: 100.0	M_Euclid_70: 100.0		M_Euclid_80: 100.0	

M_Clark_20: 3.3707865168539324	M_Clark_30: 3.3707865168539324	M_Clark_40: 3.3707865168539324	M_Clark_50: 4.49438202247191	M_Clark_60: 4.49438202247191	M_Clark_70: 4.49438202247191	M_Clark_80: 4.49438202247191	

M_Pearson_20: 2.247191011235955	M_Pearson_30: 16.853932584269664	M_Pearson_40: 33.70786516853933	M_Pearson_50: 37.07865168539326	M_Pearson_60: 33.70786516853933	M_Pearson_70: 65.1685393258427		M_Pearson_80: 77.52808988764045	

