Manhattan_50: 69.23076923076923	Manhattan_110: 60.256410256410255	Manhattan_70: 74.35897435897436	Manhattan_90: 65.38461538461539	Manhattan_60: 69.23076923076923	Manhattan_80: 74.35897435897436	Manhattan_100: 60.256410256410255	

Euclid_60: 78.2051282051282	Euclid_70: 87.17948717948718	Euclid_110: 74.35897435897436	Euclid_50: 70.51282051282051	Euclid_90: 76.92307692307692	Euclid_80: 85.8974358974359	Euclid_100: 76.92307692307692	

Clark_60: 14.102564102564102	Clark_70: 58.97435897435897	Clark_110: 82.05128205128206	Clark_100: 82.05128205128206	Clark_90: 76.92307692307692	Clark_80: 75.64102564102564	Clark_50: 14.102564102564102	

Pearson_110: 85.8974358974359	Pearson_60: 61.53846153846154	Pearson_50: 34.61538461538461	Pearson_70: 88.46153846153847	Pearson_100: 87.17948717948718	Pearson_90: 88.46153846153847	Pearson_80: 88.46153846153847	

