Clark_50: 14.102564102564102
Clark_60: 14.102564102564102
Clark_70: 58.97435897435897
Clark_80: 75.64102564102564
Clark_90: 76.92307692307692
Clark_100: 82.05128205128206
Clark_110: 82.05128205128206
Clark_150: 89.74358974358974
Clark_250: 96.15384615384616
Clark_400: 97.43589743589743
Clark_700: 97.43589743589743
Clark_850: 94.87179487179488
Clark_1000: 93.58974358974359
Clark_1250: 92.3076923076923
Clark_1500: 92.3076923076923


Euclid_50: 70.51282051282051
Euclid_60: 78.2051282051282
Euclid_70: 87.17948717948718
Euclid_80: 85.8974358974359
Euclid_90: 76.92307692307692
Euclid_100: 76.92307692307692
Euclid_110: 74.35897435897436
Euclid_150: 67.94871794871794
Euclid_250: 55.12820512820513
Euclid_400: 44.87179487179487
Euclid_700: 35.8974358974359
Euclid_850: 92.3076923076923
Euclid_1000: 92.3076923076923
Euclid_1250: 92.3076923076923
Euclid_1500: 92.3076923076923


Manhattan_50: 69.23076923076923
Manhattan_60: 69.23076923076923
Manhattan_70: 74.35897435897436
Manhattan_80: 74.35897435897436
Manhattan_90: 65.38461538461539
Manhattan_100: 60.256410256410255
Manhattan_110: 60.256410256410255
Manhattan_150: 55.12820512820513
Manhattan_250: 46.15384615384615
Manhattan_400: 38.46153846153846
Manhattan_700: 26.923076923076923
Manhattan_850: 92.3076923076923
Manhattan_1000: 92.3076923076923
Manhattan_1250: 92.3076923076923
Manhattan_1500: 92.3076923076923


Pearson_50: 34.61538461538461
Pearson_60: 61.53846153846154
Pearson_70: 88.46153846153847
Pearson_80: 88.46153846153847
Pearson_90: 88.46153846153847
Pearson_100: 87.17948717948718
Pearson_110: 85.8974358974359
Pearson_150: 84.61538461538461
Pearson_250: 83.33333333333333
Pearson_400: 75.64102564102564
Pearson_700: 61.53846153846154
Pearson_850: 91.02564102564102
Pearson_1000: 91.02564102564102
Pearson_1250: 91.02564102564102
Pearson_1500: 84.61538461538461


